Ishwaryas-MBP:dm_project2 ishwarya$ python3 KMeansClustering.py
n_labels: 6, 	 n_samples: 214, 	 n_features: 9
Variance of all features after PCA decomposition [  2.98798108e+00   1.65142025e+00   6.76400884e-01   6.40160284e-01
   2.07482550e-01   1.00692573e-01   8.95651141e-03   1.47053858e-03
   9.65766721e-07]
Data after PCA decomposition 
 [[ -1.43142469e+00  -1.10211499e+00]
 [ -1.43670679e+00   3.43585271e-01]
 [ -1.42732181e+00   3.45720096e-01]
 [ -1.25782481e+00  -2.49059892e-01]
 [ -1.31246639e+00  -1.84045081e-02]
 [ -1.30186751e+00  -1.22404801e-01]
 [ -1.23656984e+00  -7.80803914e-02]
 [ -1.20334882e+00  -1.81721517e-01]
 [ -1.10099202e+00   9.13737198e-03]
 [ -1.07355552e+00  -3.04915327e-01]
 [ -1.18786885e+00  -4.86357807e-02]
 [ -1.01843362e+00  -5.30386710e-01]
 [ -1.20019256e+00   3.23214812e-02]
 [ -1.06407634e+00  -3.11407519e-01]
 [ -1.01057468e+00  -4.68518202e-01]
 [ -1.04904396e+00  -3.24178286e-01]
 [ -9.39225701e-01  -6.78039662e-01]
 [ -6.97628245e-01  -8.40650429e-01]
 [ -7.80810191e-01  -5.85348726e-01]
 [ -9.83003526e-01  -2.56515027e-01]
 [ -9.48618596e-01  -4.40943658e-01]
 [ -7.43642764e-01  -5.69988736e-01]
 [ -8.91273232e-01  -6.41543459e-01]
 [ -9.30690043e-01  -4.71300984e-01]
 [ -9.77530002e-01  -2.04519466e-01]
 [ -9.55523845e-01  -3.87215345e-01]
 [ -9.59380374e-01  -2.25571573e-01]
 [ -9.69669701e-01  -3.07346706e-01]
 [ -9.26178352e-01  -4.72263898e-01]
 [ -9.36572288e-01  -3.09759788e-01]
 [ -8.60106379e-01  -5.96035356e-01]
 [ -9.13664157e-01  -4.08717474e-01]
 [ -8.82594208e-01  -4.13350376e-01]
 [ -8.89493392e-01  -4.11542487e-01]
 [ -7.98300562e-01  -6.22907804e-01]
 [ -8.48822383e-01  -2.99187946e-01]
 [ -7.29054857e-01  -3.65505778e-01]
 [ -8.06709157e-01  -5.15417158e-01]
 [ -4.12503795e-01  -1.17649140e+00]
 [ -4.12503795e-01  -1.17649140e+00]
 [ -7.70339807e-01  -6.07790354e-01]
 [ -7.95879454e-01  -4.67563647e-01]
 [ -7.90137750e-01  -2.72788873e-01]
 [ -3.12734099e-01  -1.41461952e+00]
 [ -7.21824321e-01  -5.92057644e-01]
 [ -5.61453062e-01  -6.19050260e-01]
 [ -6.17808215e-01  -4.69270915e-01]
 [ -1.39729484e-01  -1.34096836e+00]
 [ -7.61126842e-02  -1.69805672e+00]
 [ -5.36714413e-01  -4.58732405e-01]
 [ -1.18079655e-02  -1.61808404e+00]
 [ -3.72975951e-01  -6.74781616e-01]
 [ -1.15000735e-01  -1.98889551e-01]
 [ -6.70077167e-02  -2.97682146e-01]
 [ -7.54014782e-02  -2.00480876e-01]
 [  1.72582166e-03  -3.31510479e-01]
 [ -1.02844167e+00  -2.69690443e-01]
 [ -9.73965882e-01  -3.31017163e-01]
 [ -1.42854912e+00  -6.58844903e-03]
 [ -1.20495135e+00  -1.84614548e-01]
 [ -8.08268632e-01  -4.73962714e-01]
 [ -7.65820044e-01  -2.85027993e-01]
 [ -4.64359783e-01  -1.33824988e+00]
 [ -2.98171501e-01  -1.27371910e+00]
 [ -3.27354110e-01  -1.28486121e+00]
 [ -3.40376437e-01  -9.51071946e-01]
 [ -1.10210031e-01  -1.52312913e+00]
 [ -1.10979413e-01  -1.50371988e+00]
 [ -8.03496484e-02  -1.43049372e+00]
 [  1.67240938e-01  -1.64128372e+00]
 [ -1.74069265e+00   8.78470060e-01]
 [ -1.30596575e+00  -3.76822534e-01]
 [ -1.45358275e+00   1.62936100e-01]
 [ -1.38523189e+00   1.98563617e-01]
 [ -1.38857269e+00   1.20450103e-01]
 [ -1.36137530e+00   6.36465994e-02]
 [ -1.31890756e+00   3.46413841e-02]
 [ -1.29744850e+00  -5.04956173e-02]
 [ -1.30103945e+00   3.18026484e-01]
 [ -1.29453988e+00   6.07867457e-02]
 [ -1.28211835e+00   9.48650835e-02]
 [ -1.32914487e+00   2.68330317e-01]
 [ -1.24666873e+00   2.06213394e-02]
 [ -1.25094050e+00   2.79218660e-02]
 [ -1.58308099e+00   1.39005347e+00]
 [ -1.16462148e+00  -6.26761303e-02]
 [ -1.22343599e+00   1.39778381e-01]
 [ -1.20240710e+00   9.76664415e-02]
 [ -1.18747390e+00  -5.73245584e-02]
 [ -1.19493087e+00  -3.66982083e-02]
 [ -8.06923811e-01  -9.51319661e-01]
 [ -1.03415246e+00  -1.52499489e-01]
 [ -8.93424607e-01  -9.16162670e-02]
 [ -9.85389338e-01   7.59824207e-02]
 [ -9.96099834e-01  -7.30999362e-02]
 [ -7.94944729e-01  -3.20328062e-01]
 [ -6.05839319e-01  -9.55226540e-01]
 [ -5.11617933e-01  -6.82314635e-01]
 [ -4.61254461e-01   1.98908901e-02]
 [ -3.34071698e-01  -1.73048293e-01]
 [ -2.60070362e-01  -1.40050706e-01]
 [  1.19265358e-01  -5.36190299e-01]
 [  2.07443969e-01  -6.31737884e-01]
 [  1.49260934e+00  -2.43962808e+00]
 [  1.11541616e+00  -1.52309824e+00]
 [  4.80594832e+00  -1.95264498e+00]
 [  5.12134689e+00  -2.00049366e+00]
 [  6.85461434e+00  -4.12476829e+00]
 [  3.69912661e+00   9.25734921e-02]
 [  3.30032881e+00   3.58852223e-01]
 [  5.78487255e+00  -3.09619861e+00]
 [  5.97165022e+00  -3.38303898e+00]
 [  5.61865777e+00  -2.61183743e+00]
 [ -1.36241112e+00  -2.40982884e-01]
 [ -1.32524574e+00  -6.30260307e-01]
 [ -1.34997583e+00  -3.55432518e-01]
 [ -1.33870215e+00  -4.33682817e-01]
 [ -1.45007143e+00   2.04558813e-01]
 [ -1.34351862e+00  -1.88033911e-02]
 [ -1.33761631e+00   1.38839912e-01]
 [ -1.16961746e+00  -4.26423609e-01]
 [ -1.27596499e+00  -4.99332098e-03]
 [ -1.22269867e+00   7.16461529e-03]
 [ -1.24133416e+00   2.10939841e-01]
 [ -1.05205479e+00  -4.44820564e-01]
 [ -1.00402966e+00  -4.98450515e-01]
 [ -9.47984406e-01  -5.29275547e-01]
 [  8.97802286e-01  -3.56568446e-01]
 [  8.68130503e-01  -8.91949414e-03]
 [  2.07561919e+00  -2.13068710e-01]
 [  2.70061893e+00  -4.67493153e-01]
 [  5.01225694e+00  -1.55802688e+00]
 [ -1.51639787e+00  -3.26364524e-01]
 [ -1.40943079e+00  -2.70022870e-01]
 [ -1.43873582e+00  -2.08969804e-01]
 [ -1.25613443e+00  -5.65289939e-01]
 [ -1.24465263e+00  -4.59345928e-01]
 [ -1.28031382e+00  -1.26260145e-01]
 [ -1.36081148e+00   9.27410419e-02]
 [ -1.32009017e+00   2.95630494e-02]
 [ -1.21525578e+00   2.87578250e-02]
 [ -1.09029818e+00  -3.34622664e-01]
 [ -1.12693707e+00  -1.63942815e-01]
 [ -1.11418864e+00  -2.85513618e-02]
 [ -4.97696103e-01  -3.72352377e-01]
 [ -9.42496877e-01  -6.86849334e-01]
 [ -9.43752804e-01  -3.54949638e-01]
 [ -1.06258567e+00  -1.58604042e-01]
 [ -1.01659473e+00  -2.69560507e-01]
 [ -9.41573039e-01  -6.96785076e-01]
 [ -9.56048829e-01  -1.48633286e-01]
 [ -4.95487517e-01  -1.09737170e+00]
 [ -7.31546633e-01  -6.36643189e-01]
 [ -9.81839296e-01  -7.00126278e-02]
 [ -7.99036222e-01  -6.71105493e-01]
 [ -8.06778342e-01  -3.16709290e-01]
 [ -7.41816129e-01  -2.73531954e-01]
 [ -3.12872682e-01  -1.23267414e+00]
 [ -6.48025887e-01  -3.70984676e-01]
 [ -5.92039554e-01  -3.61616468e-01]
 [ -4.63154122e-01  -5.13566867e-01]
 [ -6.67988028e-01  -5.54403042e-01]
 [ -6.61716583e-01  -8.56992657e-01]
 [ -1.90632461e+00   2.71891973e+00]
 [  1.35972675e+00  -4.28364815e-01]
 [  2.21008024e+00  -1.78348387e+00]
 [  2.45360547e+00  -1.90804519e+00]
 [  3.67487190e+00  -2.19156943e-01]
 [  2.71532532e+00   8.40409716e-01]
 [  3.54656328e+00   5.96675941e-02]
 [  4.18448673e+00  -6.59309448e-01]
 [  2.07573252e-01   3.08124317e+00]
 [  1.84217954e-01   3.12929242e+00]
 [  4.35082139e+00  -8.83311036e-01]
 [  1.29488479e+00   3.33001405e-02]
 [  3.28120211e+00  -2.43181711e-01]
 [  6.73044632e-01  -9.65002993e-02]
 [  7.70755756e-01  -3.34529225e-01]
 [  5.81488554e-01   3.77061388e-01]
 [  6.51697536e-01   2.86295467e-01]
 [ -2.13311849e-01   2.05507069e+00]
 [  2.12062080e+00   1.01008962e+00]
 [  3.31701687e+00   6.62301572e-01]
 [  3.47859694e+00   3.63723484e-01]
 [  3.95814456e-01   4.62443073e+00]
 [ -2.77132006e+00   2.49211743e+00]
 [ -2.47105730e+00   2.35929747e+00]
 [ -5.89356201e-01  -4.00535918e-01]
 [  9.34293292e-01   3.12558577e-02]
 [  5.63851102e-01   1.47999698e+00]
 [  5.63658825e-01   1.11307691e+00]
 [  1.94630491e+00   2.57035294e+00]
 [  2.12158013e+00   2.23001490e+00]
 [  1.84517271e+00   2.73603025e+00]
 [  1.83056224e+00   2.70935161e+00]
 [  2.14924190e+00   2.19729645e+00]
 [  2.38097020e+00   1.86425206e+00]
 [  2.07246078e+00   2.38898158e+00]
 [  2.16685902e+00   2.22876969e+00]
 [  1.99203318e+00   2.56210969e+00]
 [  1.65742912e+00   2.95734417e+00]
 [  1.68150585e+00   1.50852494e+00]
 [  1.68708686e+00   2.87792369e+00]
 [  1.68403890e+00   2.95320029e+00]
 [  1.91100017e+00   2.62469500e+00]
 [  1.89083214e+00   2.70126161e+00]
 [  1.92078144e+00   2.66367876e+00]
 [  4.19526213e-01   4.22137958e+00]
 [  2.41931365e+00   1.94226850e+00]
 [  2.27359551e+00   2.13126608e+00]
 [  1.75889388e+00   2.89051859e+00]
 [  1.77887835e+00   2.73133297e+00]
 [  1.79589397e+00   2.71516839e+00]
 [  1.90451734e+00   2.57907549e+00]]
_______________________________________________________________________________
Perform Kmeans
Parameter settings and data used:  k-means++,PCA reduced
Labels of instances after performing clustering:
 [1 1 1 1 1 1 1 1 1 1 1 1 1 1 1 1 1 1 1 1 1 1 1 1 1 1 1 1 1 1 1 1 1 1 1 1 1
 1 0 0 1 1 1 0 1 1 1 0 0 1 0 0 0 0 0 0 1 1 1 1 1 1 0 0 0 0 0 0 0 0 4 1 1 1
 1 1 1 1 1 1 1 1 1 1 4 1 1 1 1 1 1 1 1 1 1 1 1 1 1 1 1 0 0 0 0 5 5 5 3 3 5
 5 5 1 1 1 1 1 1 1 1 1 1 1 1 1 1 0 0 3 3 5 1 1 1 1 1 1 1 1 1 1 1 1 1 1 1 1
 1 1 1 0 1 1 1 1 1 0 1 1 1 1 1 4 0 3 3 3 3 3 3 2 2 3 0 3 0 0 0 0 4 2 3 3 2
 4 4 1 0 2 2 2 2 2 2 2 2 2 2 2 2 2 2 2 2 2 2 2 2 2 2 2 2 2]
Count of Labels 214
Clusters:
 [[ 0.1941055  -0.85388984]
 [-1.02738407 -0.2706296 ]
 [ 1.63186948  2.53182507]
 [ 3.21344741 -0.28568014]
 [-1.78096458  1.98232147]
 [ 5.595621   -2.67528697]]

Evaluation Metrics:
Cohesion:  0.496
time   inertia    homogenity   completeness  v-measure     ARI     AMI   silhouetteScore
0.21s   106          0.360         0.427     0.390        0.250    0.331    0.562
Purity score 0.7476635514018691
###############################################################################
Perform Kmeans
Parameter settings and data used:  random,PCA reduced
Labels of instances after performing clustering:
 [4 4 4 4 4 4 4 4 4 4 4 4 4 4 4 4 4 4 4 4 4 4 4 4 4 4 4 4 4 4 4 4 4 4 4 4 4
 4 5 5 4 4 4 5 4 4 4 5 5 4 5 5 5 5 5 5 4 4 4 4 4 4 5 5 5 5 5 5 5 5 0 4 4 4
 4 4 4 4 4 4 4 4 4 4 0 4 4 4 4 4 4 4 4 4 4 4 5 4 4 4 4 5 5 5 5 1 1 1 3 3 1
 1 1 4 4 4 4 4 4 4 4 4 4 4 4 4 4 5 5 3 3 1 4 4 4 4 4 4 4 4 4 4 4 4 4 4 4 4
 4 4 4 5 4 4 4 4 4 5 4 4 4 4 4 0 5 3 3 3 3 3 3 2 2 3 5 3 5 5 5 5 0 3 3 3 2
 0 0 4 5 2 2 2 2 2 2 2 2 2 2 2 2 2 2 2 2 2 2 2 2 2 2 2 2 2]
Count of Labels 214
Clusters:
 [[-1.78096458  1.98232147]
 [ 5.595621   -2.67528697]
 [ 1.61441407  2.58617277]
 [ 3.14059231 -0.19929549]
 [-1.03081127 -0.26506377]
 [ 0.17124993 -0.85678517]]

Evaluation Metrics:
Cohesion:  0.496
time   inertia    homogenity   completeness  v-measure     ARI     AMI   silhouetteScore
0.05s   106          0.361         0.425     0.390        0.247    0.332    0.558
Purity score 0.7429906542056075
###############################################################################
Perform Kmeans
Parameter settings and data used:  k-means++,Normalized
Labels of instances after performing clustering:
 [5 4 4 4 4 4 4 4 4 4 4 4 4 4 4 4 4 5 5 4 4 5 4 4 4 4 4 4 4 4 4 4 4 4 4 4 5
 4 5 5 4 4 4 5 4 5 4 5 5 5 5 4 4 4 4 4 4 4 4 4 4 5 5 5 5 5 5 5 5 5 4 4 4 4
 4 4 4 4 4 4 4 4 4 4 4 4 4 4 4 4 4 4 4 4 4 4 4 4 4 4 4 4 4 5 5 3 3 3 2 2 3
 3 3 4 4 4 4 4 4 4 4 4 4 4 4 4 4 5 5 2 2 3 4 4 4 4 4 4 4 4 4 4 4 4 4 4 4 4
 4 4 4 5 4 4 4 4 4 5 4 5 4 4 5 0 2 2 2 2 2 2 2 0 0 2 2 2 5 5 5 5 1 1 2 2 1
 0 0 4 5 5 1 1 1 1 1 1 1 1 1 1 1 2 1 1 1 1 1 1 1 1 1 1 1 1]
Count of Labels 214
Clusters:
 [[  1.49394871e-02   1.34253964e-01   1.80273269e-02   2.68183858e-02
    7.00739109e-01   3.41867467e-02   6.11328144e-02   9.90216606e-03
    0.00000000e+00]
 [  1.49459572e-02   1.44647435e-01   1.63057899e-03   2.09855941e-02
    7.22644474e-01   6.98027616e-04   8.45721917e-02   9.72798123e-03
    1.47760173e-04]
 [  1.49967688e-02   1.29570118e-01   5.65134296e-03   1.46633632e-02
    7.20848684e-01   4.94847544e-03   1.08573439e-01   1.39034532e-04
    6.08774197e-04]
 [  1.50655596e-02   1.16982549e-01   6.93889390e-18   1.20104917e-02
    7.06553947e-01   2.47794396e-03   1.41123873e-01   4.43431668e-03
    1.35131786e-03]
 [  1.49684155e-02   1.29408646e-01   3.45634636e-02   1.35303596e-02
    7.18436241e-01   5.60090299e-03   8.27973687e-02   5.12742464e-05
    6.43327672e-04]
 [  1.49962052e-02   1.36874461e-01   3.29596060e-02   1.03422098e-02
    7.07707828e-01   1.94142343e-03   9.39411642e-02   7.52777007e-04
    4.84325588e-04]]

Evaluation Metrics:
Cohesion:  0.000
time   inertia    homogenity   completeness  v-measure     ARI     AMI   silhouetteScore
0.05s   0          0.393         0.466     0.426        0.274    0.367    0.451
Purity score 0.7429906542056075
###############################################################################
Perform Kmeans
Parameter settings and data used:  random,Normalized
Labels of instances after performing clustering:
 [2 0 0 0 0 0 0 0 0 0 0 0 0 0 0 0 0 2 2 0 0 2 0 0 0 0 0 0 0 0 0 0 0 0 0 0 2
 0 2 2 0 0 0 2 0 2 0 2 2 2 2 2 0 0 0 0 0 0 0 0 0 2 2 2 2 2 2 2 2 2 3 0 0 0
 0 0 0 0 0 0 0 0 0 0 3 0 0 0 0 0 0 0 0 0 0 0 0 0 0 0 0 0 0 2 2 4 4 4 4 4 4
 4 4 0 0 0 0 0 0 0 0 0 0 0 0 0 0 2 2 2 4 4 0 0 0 0 0 0 0 0 0 0 0 0 0 0 0 0
 0 0 0 2 0 0 0 0 0 2 2 2 2 2 2 3 2 4 4 4 5 4 4 1 1 4 2 4 2 2 2 2 5 5 4 4 5
 3 3 0 2 3 5 5 5 5 5 5 5 5 5 5 5 5 5 5 5 5 5 5 5 5 5 5 5 5]
Count of Labels 214
Clusters:
 [[  1.49688272e-02   1.29066740e-01   3.46185952e-02   1.34732815e-02
    7.18763429e-01   5.62184352e-03   8.28092729e-02   4.12775415e-05
    6.36732589e-04]
 [  1.49379361e-02   1.28432849e-01   0.00000000e+00   2.99117804e-02
    6.96853130e-01   6.13041922e-02   6.85601121e-02   0.00000000e+00
    0.00000000e+00]
 [  1.49923353e-02   1.35504348e-01   3.21468292e-02   1.10805848e-02
    7.08797372e-01   2.44800807e-03   9.40289186e-02   3.42534011e-04
    6.59070337e-04]
 [  1.49552580e-02   1.42872597e-01   2.91457985e-02   2.08113821e-02
    7.04393567e-01   1.06347201e-02   6.59783650e-02   1.10108702e-02
    1.97441669e-04]
 [  1.50269841e-02   1.25614572e-01   2.56021296e-03   1.30389325e-02
    7.15446342e-01   2.52762026e-03   1.23466898e-01   1.63369562e-03
    6.84741794e-04]
 [  1.49472789e-02   1.43058849e-01   1.51410906e-03   2.05511319e-02
    7.23554913e-01   1.94074763e-03   8.52626395e-02   9.03312543e-03
    1.37205875e-04]]

Evaluation Metrics:
Cohesion:  0.000
time   inertia    homogenity   completeness  v-measure     ARI     AMI   silhouetteScore
0.04s   0          0.360         0.426     0.390        0.273    0.333    0.444
Purity score 0.705607476635514
###############################################################################
Perform Kmeans
Parameter settings and data used:  k-means++,Binarized
Labels of instances after performing clustering:
 [1 2 2 2 2 2 2 1 2 2 2 2 2 2 2 2 2 1 2 2 2 1 2 2 2 2 2 2 2 2 2 2 2 2 2 2 2
 2 1 1 2 2 2 1 2 2 2 1 1 2 1 2 2 2 2 2 2 2 2 2 2 2 1 1 1 2 1 1 1 1 2 2 2 2
 2 2 2 2 2 2 2 2 2 2 2 2 2 2 2 2 2 2 2 2 2 2 1 2 2 2 2 2 1 1 2 3 4 5 5 5 5
 5 5 2 2 2 2 2 2 2 2 2 2 2 2 2 2 2 2 2 3 3 2 2 2 2 1 2 2 2 2 1 2 2 2 2 2 2
 2 2 2 1 1 2 2 2 2 1 2 2 2 1 1 0 2 2 2 3 3 3 3 3 3 3 2 3 2 2 2 2 2 3 3 5 5
 0 0 2 2 0 2 3 3 4 4 3 3 3 3 3 3 3 3 4 3 4 4 0 3 3 4 4 4 4]
Count of Labels 214
Clusters:
 [[  1.00000000e+00   1.00000000e+00   8.00000000e-01   1.00000000e+00
    1.00000000e+00   8.00000000e-01   1.00000000e+00   1.00000000e+00
    0.00000000e+00]
 [  1.00000000e+00   1.00000000e+00   1.00000000e+00   1.11022302e-16
    1.00000000e+00   2.08166817e-17   1.00000000e+00   2.77555756e-17
    0.00000000e+00]
 [  1.00000000e+00   1.00000000e+00   1.00000000e+00   1.00000000e+00
    1.00000000e+00  -3.46944695e-17   1.00000000e+00   1.38777878e-17
    0.00000000e+00]
 [  1.00000000e+00   1.00000000e+00  -2.22044605e-16   1.00000000e+00
    1.00000000e+00   1.15384615e-01   1.00000000e+00   2.77555756e-17
    0.00000000e+00]
 [  1.00000000e+00   1.00000000e+00  -1.11022302e-16   1.00000000e+00
    1.00000000e+00   0.00000000e+00   1.00000000e+00   1.00000000e+00
    0.00000000e+00]
 [  1.00000000e+00   1.00000000e+00  -1.11022302e-16  -2.22044605e-16
    1.00000000e+00   0.00000000e+00   1.00000000e+00   0.00000000e+00
    0.00000000e+00]]

Evaluation Metrics:
Cohesion:  0.020
time   inertia    homogenity   completeness  v-measure     ARI     AMI   silhouetteScore
0.03s   4          0.266         0.347     0.301        0.178    0.233    0.963
Purity score 0.7102803738317757
###############################################################################
Perform Kmeans
Parameter settings and data used:  random,Binarized
Labels of instances after performing clustering:
 [4 1 1 1 1 1 1 4 1 1 1 1 1 1 1 1 1 4 1 1 1 4 1 1 1 1 1 1 1 1 1 1 1 1 1 1 1
 1 4 4 1 1 1 4 1 1 1 4 4 1 4 1 1 1 1 1 1 1 1 1 1 1 4 4 4 1 4 4 4 4 1 1 1 1
 1 1 1 1 1 1 1 1 1 1 1 1 1 1 1 1 1 1 1 1 1 1 4 1 1 1 1 1 4 4 1 3 0 3 3 3 3
 3 3 1 1 1 1 1 1 1 1 1 1 1 1 1 1 1 1 1 3 3 1 1 1 1 4 1 1 1 1 4 1 1 1 1 1 1
 1 1 1 4 4 1 1 1 1 4 1 1 1 4 4 2 1 1 1 3 3 3 3 3 3 3 1 3 1 1 1 1 1 3 3 3 3
 2 2 1 1 0 1 3 3 0 0 3 3 3 3 3 3 3 3 0 3 0 0 0 3 3 0 0 0 0]
Count of Labels 214
Clusters:
 [[  1.00000000e+00   1.00000000e+00   8.33333333e-02   1.00000000e+00
    1.00000000e+00   8.33333333e-02   1.00000000e+00   1.00000000e+00
    0.00000000e+00]
 [  1.00000000e+00   1.00000000e+00   1.00000000e+00   1.00000000e+00
    1.00000000e+00  -3.46944695e-17   1.00000000e+00   1.38777878e-17
    0.00000000e+00]
 [  1.00000000e+00   1.00000000e+00   1.00000000e+00   1.00000000e+00
    1.00000000e+00   1.00000000e+00   1.00000000e+00   1.00000000e+00
    0.00000000e+00]
 [  1.00000000e+00   1.00000000e+00  -2.22044605e-16   7.64705882e-01
    1.00000000e+00   8.82352941e-02   1.00000000e+00  -1.38777878e-17
    0.00000000e+00]
 [  1.00000000e+00   1.00000000e+00   1.00000000e+00   1.11022302e-16
    1.00000000e+00   2.08166817e-17   1.00000000e+00   2.77555756e-17
    0.00000000e+00]
 [  1.00000000e+00   1.00000000e+00   1.00000000e+00   1.00000000e+00
    1.00000000e+00   1.00000000e+00   1.00000000e+00   1.00000000e+00
    0.00000000e+00]]

Evaluation Metrics:
Cohesion:  0.050
time   inertia    homogenity   completeness  v-measure     ARI     AMI   silhouetteScore
0.02s   10          0.236         0.336     0.277        0.172    0.210    0.906
Purity score 0.7102803738317757
###############################################################################
Perform Kmeans
Parameter settings and data used:  k-means++,Low variance feature removed
Labels of instances after performing clustering:
 [0 1 1 1 1 1 1 1 1 1 1 1 1 1 1 1 1 0 0 1 1 0 1 1 1 1 1 1 1 1 1 1 1 1 1 1 0
 1 0 0 1 1 1 0 1 0 1 0 0 0 0 1 1 1 1 1 1 1 1 1 1 0 0 0 0 0 0 0 0 0 1 1 1 1
 1 1 1 1 1 1 1 1 1 1 1 1 1 1 1 1 1 1 1 1 1 1 1 1 1 1 1 1 1 0 0 3 3 3 4 4 3
 3 3 1 1 1 1 1 1 1 1 1 1 1 1 1 1 0 0 4 4 3 1 1 1 1 1 1 1 1 1 1 1 1 1 1 1 1
 1 1 1 0 1 1 1 1 1 0 1 1 1 1 0 5 4 4 4 4 4 4 4 5 5 4 4 4 0 0 0 0 2 2 4 4 2
 5 5 1 0 0 2 2 2 2 2 2 2 2 2 2 2 4 2 2 2 2 2 2 2 2 2 2 2 2]
Count of Labels 214
Clusters:
 [[  1.38965714e+01   3.34314286e+00   1.03257143e+00   7.17914286e+01
    1.86285714e-01   9.55085714e+00   7.85714286e-02]
 [  1.31208065e+01   3.50241935e+00   1.37354839e+00   7.28180645e+01
    5.67741935e-01   8.39629032e+00   5.16129032e-03]
 [  1.46746154e+01   1.65384615e-01   2.12923077e+00   7.33138462e+01
    7.07692308e-02   8.58038462e+00   9.86923077e-01]
 [  1.18671429e+01  -4.44089210e-16   1.21857143e+00   7.16728571e+01
    2.51428571e-01   1.43157143e+01   4.50000000e-01]
 [  1.31335294e+01   5.72941176e-01   1.48647059e+00   7.30682353e+01
    5.01764706e-01   1.10052941e+01   1.41176471e-02]
 [  1.36080000e+01   1.82800000e+00   2.71800000e+00   7.10260000e+01
    3.46400000e+00   6.19600000e+00   1.00400000e+00]]

Evaluation Metrics:
Cohesion:  1.562
time   inertia    homogenity   completeness  v-measure     ARI     AMI   silhouetteScore
0.05s   334          0.394         0.468     0.428        0.270    0.367    0.455
Purity score 0.7476635514018691
###############################################################################
Perform Kmeans
Parameter settings and data used:  random,Low variance feature removed
Labels of instances after performing clustering:
 [1 5 5 5 5 5 5 5 5 5 5 5 5 5 5 5 5 1 1 5 5 1 5 5 5 5 5 5 5 5 5 5 5 5 5 5 1
 5 1 1 5 5 5 1 5 1 5 1 1 1 1 5 5 5 5 5 5 5 5 5 5 1 1 1 1 1 1 1 1 1 5 5 5 5
 5 5 5 5 5 5 5 5 5 5 5 5 5 5 5 5 5 5 5 5 5 5 5 5 5 5 5 5 5 1 1 0 0 0 2 2 0
 0 0 5 5 5 5 5 5 5 5 5 5 5 5 5 5 1 1 2 2 0 5 5 5 5 5 5 5 5 5 5 5 5 5 5 5 5
 5 5 5 1 5 5 5 5 5 1 5 1 5 5 1 4 2 2 2 2 2 2 2 4 4 2 2 2 1 1 1 1 3 3 2 2 3
 4 4 5 1 1 3 3 3 3 3 3 3 3 3 3 3 2 3 3 3 3 3 3 3 3 3 3 3 3]
Count of Labels 214
Clusters:
 [[  1.18671429e+01  -4.44089210e-16   1.21857143e+00   7.16728571e+01
    2.51428571e-01   1.43157143e+01   4.50000000e-01]
 [  1.38855556e+01   3.34361111e+00   1.04916667e+00   7.17955556e+01
    1.96944444e-01   9.53027778e+00   7.63888889e-02]
 [  1.31335294e+01   5.72941176e-01   1.48647059e+00   7.30682353e+01
    5.01764706e-01   1.10052941e+01   1.41176471e-02]
 [  1.46746154e+01   1.65384615e-01   2.12923077e+00   7.33138462e+01
    7.07692308e-02   8.58038462e+00   9.86923077e-01]
 [  1.36080000e+01   1.82800000e+00   2.71800000e+00   7.10260000e+01
    3.46400000e+00   6.19600000e+00   1.00400000e+00]
 [  1.31177236e+01   3.50357724e+00   1.37146341e+00   7.28252033e+01
    5.67723577e-01   8.39292683e+00   5.20325203e-03]]

Evaluation Metrics:
Cohesion:  1.563
time   inertia    homogenity   completeness  v-measure     ARI     AMI   silhouetteScore
0.05s   334          0.393         0.466     0.426        0.274    0.367    0.451
Purity score 0.7429906542056075
###############################################################################